4471459101
5729339102
1349823103
8870627104
5752518105
7782131106
2908052107
9463664108
7621458109
5342847110
5121739111
2352995112
7957225113
2276722114
6615855115
5640177116
1983811117
5448799118
2379004119
7566939120
9467937121
1039186122
3941334123
8353940124
8937043125
1360286126
9372126127
9190713128
2511295129
8335182130
7716622131
9738595132
6593470133
6596656134
1455855135
9529300136
6891533137
4713331138
2791732139
1803612140
8257200141
2963274142
1251287143
5681044144
7157947145
4796924146
4939202147
4296964148
3018703149
7305447150
7691925151
3319315152
7205295153
9434362154
6996990155
3075958156
5959950157
8661662158
3393669159
7453696160
5907144161
9661015162
7389214163
9636816164
7772909165
3455180166
1227465167
8613550168
8062783169
1681716170
7405765171
5779780172
1722874173
7647594174
4767617175
1828672176
8161895177
3136241178
9492284179
9986913180
7278615181
4126815182
9231983183
9768960184
9520813185
1643168186
9904769187
2178290188
8979107189
7999209190
4167251191
3348431192
4329085193
7222820194
9504478195
2520694196
6742398197
3067772198
9140910199
3735507200
7809599201
3103477202
8876104203
1255718204
5068439205
1002624206
8709737207
4278476208
3451436209
5967851210
8625251211
9106191212
7516694213
7843959214
1175522215
1928631216
5791451217
6724876218
7682843219
3288032220
4800489221
6005200222
1755115223
1558580224
7954629225
3801237226
3002135227
7906546228
7271925229
3687116230
4563973231
6532613232
1501514233
3520178234
8830102235
7501717236
6584094237
1310119238
7698852239
3901404240
1582042241
5165722242
5184091243
8251023244
6271213245
1053348246
3950801247
3828943248
3039968249
1870995250
5941167251
3297378252
2177887253
6044912254
9680324255
2442404256
6618554257
3412665258
9117658259
8647425260
8614336261
2355142262
1891744263
7702558264
3006395265
2435682266
3015642267
7534675268
1290577269
6952262270
8002645271
5867749272
9791772273
2777985274
7493333275
7392551276
5445877277
3308025278
4311912279
4399434280
6435694281
9570355282
1714627283
7432457284
8187545285
5717159286
9929211287
7556593288
9318124289
5751123290
5424194291
3470429292
9133884293
6365069294
9264627295
9071699296
7778603297
4910340298
5928241299
1048033300
6931789301
2656849302
4048127303
7300722304
6838388305
2457157306
6033065307
4799842308
6682972309
6330540310
6173207311
4344596312
3188469313
9476764314
5295657315
3719008316
9949627317
8113987318
7625411319
4077309320
2794981321
3829920322
6032719323
2463664324
1158371325
3860662326
9754894327
1577942328
8829716329
6914421330
9545586331
5826195332
1729187333
5994404334
5850581335
8718123336
4288472337
3314442338
8543910339
1561691340
5593963341
5014049342
2607429343
4040414344
8760381345
1133255346
5421421347
6335593348
5102076349
3536535350
6899162351
6807613352
3452103353
8166035354
1700022355
5888480356
7998055357
5045904358
7691020359
4906549360
4683280361
7736116362
9250656363
7162836364
6256757365
1164715366
8370492367
5117210368
2136629369
9973851370
6564462371
7126307372
8375286373
8838044374
9872300375
6585328376
1316356377
4200546378
3672517379
7279584380
1114128381
5983835382
8636236383
9647255384
7459468385
7856979386
4168473387
9116836388
6797446389
5382052390
2454573391
9392905392
5670825393
7019159394
8022299395
8338561396
7716298397
2391763398
4122470399
5647433400
5344479401
1795031402
4931162403
2737310404
1134197405
3752249406
3836560407
1503291408
9321154409
6510079410
9962493411
3073405412
9898170413
2789544414
4428153415
4763597416
7320768417
9526083418
3367961419
2964385420
9283670421
4896887422
3278124423
8196341424
4144780425
4745457426
1243157427
2355476428
4569367429
9705066430
9593175431
8513162432
1603039433
3664929434
7916556435
3090815436
5451115437
7744324438
6718832439
5489404440
4582900441
2838123442
1438652443
3206446444
7814927445
8594200446
8950346447
4430890448
5431269449
8934399450
8989834451
9069820452
9782780453
7032865454
6785532455
5807682456
6544732457
2699212458
7413938459
9090227460
7558839461
2558464462
9554239463
5184848464
8505684465
6695902466
1936874467
1211518468
7959399469
6673229470
9790991471
6072575472
8062597473
1177055474
2711063475
2449630476
1195917477
8422105478
2384225479
9225591480
5847643481
6656421482
6379997483
5830573484
5884442485
8910903486
6708205487
2083353488
9449613489
4423851490
3269127491
3648386492
3638458493
9169161494
3147742495
1035271496
6048275497
3684237498
3572715499
2234665500
5876080501
8554601502
7701726503
5744535504
9950729505
2049282506
4536157507
5078103508
9975888509
4853681510
3214705511
4031809512
7546198513
7632568514
7019951515
9130072516
7753710517
5399656518
4674054519
5385268520
5269544521
5652152522
3511848523
2703819524
8431463525
9639302526
8447650527
9153119528
4591752529
8131928530
5110954531
4246007532
1933510533
5947813534
9716690535
8408384536
5813060537
9231748538
7658608539
8137804540
6518072541
2397822542
3438358543
2669486544
2605914545
3723259546
5387760547
9762494548
5154657549
7344438550
7679762551
6415500552
1576889553
4077412554
8556451555
5029877556
9172786557
9798935558
2031776559
3510281560
2479291561
7446594562
3331957563
4953014564
1825972565
9447818566
9852304567
8713685568
2370208569
1785560570
5768930571
5500307572
8870847573
7324592574
6345784575
2492951576
4785061577
8032769578
4207832579
3068715580
7688422581
5845007582
6090364583
2544163584
3501044585
6648014586
7014454587
7002283588
2528951589
8556675590
5319959591
8708135592
8442668593
5949660594
1540287595
3591229596
4256968597
7182351598
8018639599
1102590600
2422377601
9007730602
5528360603
7255922604
9002640605
7375070606
8945331607
3744366608
3070198609
7135988610
9374741611
8103598612
4877105613
8981405614
2376380615
5874839616
8038475617
8553626618
3516076619
2246075620
1865674621
1238326622
3496975623
4965014624
7378627625
7521273626
2782459627
5294700628
6782217629
9825843630
2935833631
8995198632
5492080633
7250526634
7381978635
5953963636
9447833637
9489480638
3648063639
2338113640
1455690641
5938569642
9339674643
1588985644
3358117645
8788575646
2048248647
2646937648
8076716649
9569379650
3795998651
3052808652
9908965653
5774540654
6631156655
8999467656
1489306657
4988531658
9388395659
1857522660
4473288661
4047287662
2263655663
5729198664
8737756665
9259738666
1886743667
6513588668
5086980669
4608625670
5755897671
4460405672
3205678673
2765848674
6298198675
8343261676
4416802677
2401385678
4756622679
1319323680
8284100681
4239064682
6901998683
4564482684
9744118685
3614996686
9854861687
7013544688
4351556689
3351228690
5266239691
7705150692
1996077693
6150666694
7794775695
3891341696
2731018697
9308716698
4734013699
8372896700
1219539701
2401106702
9928630703
5808334704
3301705705
3628211706
8687842707
1338925708
8218925709
6626795710
8092593711
6468632712
9024965713
8857492714
5274762715
3388413716
3182207717
2721480718
6675047719
9885973720
9782808721
6918738722
9531576723
1368702724
3493349725
7426694726
5699178727
5018130728
7280826729
1392874730
7694257731
2249055732
2242247733
6963469734
6975762735
1687361736
2516684737
4944400738
6991473739
3634678740
9406574741
3570846742
9190092743
7707995744
4118034745
7058600746
4659682747
7584586748
6522262749
4603272750
2626118751
8537488752
3235588753
8586955754
2161949755
1269225756
4429939757
8057535758
8828467759
6632821760
8407966761
8390357762
9342485763
4749299764
7730309765
2212679766
2991281767
6212678768
4656128769
1035959770
6596258771
5642149772
6440439773
4129188774
9569485775
2432470776
2441983777
8238635778
2049975779
1331695780
5238151781
2115628782
1475700783
2428854784
7580802785
4792298786
2999292787
3369430788
8085378789
7501815790
9876795791
9751653792
6527149793
5550097794
2866886795
5545851796
3762775797
2953915798
8573726799
1207371800
5633321801
6324380802
1192219803
8815225804
3793778805
2129578806
6533084807
4573112808
5165625809
3314190810
3059010811
9425551812
4012802813
9424682814
4837318815
8929948816
5637958817
5468352818
7403073819
7081270820
3274341821
7635726822
1820919823
6669969824
5575812825
9584164826
8283831827
5880344828
4298047829
6445351830
2536033831
3250033832
2951215833
8833529834
5892572835
7788739836
1489333837
7357712838
3426421839
3128522840
4228256841
2008029842
8084065843
6244011844
8386453845
6164428846
1579415847
2069685848
2168788849
9699499850
8832672851
8041191852
5120549853
5453540854
9502501855
8142124856
7870840857
8992370858
9848483859
2379491860
6718030861
6887695862
5628918863
8421983864
4920505865
7765751866
9404153867
7527922868
7778656869
8652446870
1704067871
8440945872
2844124873
7437476874
2334016875
5256161876
5994728877
9499153878
2473843879
4873457880
2847068881
5345339882
6778298883
7667452884
3465651885
9644266886
9228045887
6731743888
9570744889
1475095890
1792764891
9262841892
8352411893
4732131894
4557046895
4102609896
3762105897
6653778898
1469796899
8702176900
2049945901
8881464902
5491535903
2884760904
2903927905
3288388906
6063515907
1614095908
3638138909
9824931910
6764984911
2426086912
5819199913
9392133914
8891567915
7151404916
4301044917
2277065918
6026246919
9485504920
6994190921
6657364922
7369010923
2549236924
1890791925
6431586926
2203203927
9190558928
1425040929
4262913930
2565190931
2667174932
7316653933
9924308934
5772244935
7806340936
2261791937
4266267938
4718839939
5897089940
6858022941
5844728942
9710928943
7358201944
5439185945
5517880946
7491726947
3139899948
2609357949
8955098950
4425250951
4000139952
2483363953
5257929954
6058675955
7385516956
4205943957
1868136958
2410448959
7188085960
7369723961
8639086962
7885963963
1134695964
2207629965
3496970966
8847076967
2796227968
3926046969
4091371970
4462470971
2427886972
6131693973
4247828974
5616491975
9231016976
4213952977
9221773978
2252570979
3293685980
2609714981
2042037982
4007090983
8716415984
8856729985